 can0  652  [8]  00  00  00  00  00  00  00  00 
 can0  652  [8]  01  00  00  00  00  00  00  00 
 can0  652  [8]  02  00  00  00  00  00  00  00 
 can0  652  [8]  03  00  00  00  00  00  00  00 
 can0  652  [8]  04  00  00  00  00  00  00  00 
 can0  652  [8]  05  00  00  00  00  00  00  00 
 can0  652  [8]  06  00  00  00  00  00  00  00 
 can0  652  [8]  07  00  00  00  00  00  00  00 
 can0  652  [8]  08  00  00  00  00  00  00  00 
 can0  652  [8]  09  00  00  00  00  00  00  00 
 can0  652  [8]  0a  00  00  00  00  00  00  00 
 can0  652  [8]  0b  00  00  00  00  00  00  00 
 can0  652  [8]  0c  00  00  00  00  00  00  00 
 can0  652  [8]  0d  00  00  00  00  00  00  00 
 can0  652  [8]  0e  00  00  00  00  00  00  00 
 can0  652  [8]  0f  00  00  00  00  00  00  00 
 can0  652  [8]  10  00  00  00  00  00  00  00 
 can0  652  [8]  11  00  00  00  00  00  00  00 
 can0  652  [8]  12  00  00  00  00  00  00  00 
 can0  652  [8]  13  00  00  00  00  00  00  00 
 can0  652  [8]  14  00  00  00  00  00  00  00 
 can0  652  [8]  15  00  00  00  00  00  00  00 
 can0  652  [8]  16  00  00  00  00  00  00  00 
 can0  652  [8]  17  00  00  00  00  00  00  00 
 can0  652  [8]  18  00  00  00  00  00  00  00 
 can0  652  [8]  19  00  00  00  00  00  00  00 
 can0  652  [8]  1a  00  00  00  00  00  00  00 
 can0  652  [8]  1b  00  00  00  00  00  00  00 
 can0  652  [8]  1c  00  00  00  00  00  00  00 
 can0  652  [8]  1d  00  00  00  00  00  00  00 
 can0  652  [8]  1e  00  00  00  00  00  00  00 
