 (1492609428.661174)  can0  652   [8]  00 00 00 00 00 00 00 00
 (1492609428.861336)  can0  652   [8]  01 00 00 00 00 00 00 00
 (1492609429.061472)  can0  652   [8]  02 00 00 00 00 00 00 00
 (1492609429.261594)  can0  652   [8]  03 00 00 00 00 00 00 00
 (1492609429.461771)  can0  652   [8]  04 00 00 00 00 00 00 00
 (1492609429.661941)  can0  652   [8]  05 00 00 00 00 00 00 00
 (1492609429.862282)  can0  652   [8]  06 00 00 00 00 00 00 00
 (1492609430.062385)  can0  652   [8]  07 00 00 00 00 00 00 00
 (1492609430.262556)  can0  652   [8]  08 00 00 00 00 00 00 00
 (1492609430.462685)  can0  652   [8]  09 00 00 00 00 00 00 00
 (1492609430.662859)  can0  652   [8]  0A 00 00 00 00 00 00 00
 (1492609430.862979)  can0  652   [8]  0B 00 00 00 00 00 00 00
 (1492609431.063071)  can0  652   [8]  0C 00 00 00 00 00 00 00
 (1492609431.263204)  can0  652   [8]  0D 00 00 00 00 00 00 00
 (1492609431.463278)  can0  652   [8]  0E 00 00 00 00 00 00 00
 (1492609431.663412)  can0  652   [8]  0F 00 00 00 00 00 00 00
 (1492609431.863594)  can0  652   [8]  10 00 00 00 00 00 00 00
 (1492609432.063646)  can0  652   [8]  11 00 00 00 00 00 00 00
 (1492609432.263782)  can0  652   [8]  12 00 00 00 00 00 00 00
 (1492609432.463962)  can0  652   [8]  13 00 00 00 00 00 00 00
 (1492609432.664076)  can0  652   [8]  14 00 00 00 00 00 00 00
 (1492609432.864193)  can0  652   [8]  15 00 00 00 00 00 00 00
 (1492609433.064334)  can0  652   [8]  16 00 00 00 00 00 00 00
 (1492609433.264455)  can0  652   [8]  17 00 00 00 00 00 00 00
 (1492609433.464522)  can0  652   [8]  18 00 00 00 00 00 00 00
 (1492609433.664659)  can0  652   [8]  19 00 00 00 00 00 00 00
 (1492609433.864806)  can0  652   [8]  1A 00 00 00 00 00 00 00
 (1492609434.064953)  can0  652   [8]  1B 00 00 00 00 00 00 00
 (1492609434.265126)  can0  652   [8]  1C 00 00 00 00 00 00 00
 (1492609434.465298)  can0  652   [8]  1D 00 00 00 00 00 00 00
 (1492609434.665469)  can0  652   [8]  1E 00 00 00 00 00 00 00
 (1492609434.865564)  can0  652   [8]  1F 00 00 00 00 00 00 00
 (1492609435.065731)  can0  652   [8]  20 00 00 00 00 00 00 00
